[[5300.000, 8735.000],[5163.000, 8710.000],[5091.000, 8698.000],[5088.000, 8499.000],[5085.000, 8300.000],[5313.000, 8300.000],[5540.000, 8300.000],[5540.000, 8463.000],[5518.000, 8688.000],[5496.000, 8750.000],[5431.000, 8749.000],[5300.000, 8735.000]],
[[4820.000, 8650.000],[4613.000, 8611.000],[4610.000, 8455.000],[4610.000, 8300.000],[4835.000, 8300.000],[5060.000, 8300.000],[5060.000, 8495.000],[5043.000, 8689.000],[4820.000, 8650.000]],
[[4455.000, 8585.000],[4238.000, 8545.000],[4140.000, 8528.000],[4140.000, 8414.000],[4140.000, 8300.000],[4360.000, 8300.000],[4580.000, 8300.000],[4580.000, 8455.000],[4578.000, 8609.000],[4455.000, 8585.000]],
[[5561.000, 8433.000],[5560.000, 8300.000],[5610.000, 8300.000],[5659.000, 8300.000],[5621.000, 8408.000],[5561.000, 8433.000]],
[[3870.000, 8481.000],[3665.000, 8444.000],[3662.000, 8372.000],[3659.000, 8300.000],[3885.000, 8300.000],[4110.000, 8300.000],[4110.000, 8410.000],[4093.000, 8519.000],[3870.000, 8481.000]],
[[3495.000, 8414.000],[3273.000, 8374.000],[3180.000, 8329.000],[3180.000, 8300.000],[3405.000, 8300.000],[3630.000, 8300.000],[3630.000, 8370.000],[3628.000, 8439.000],[3495.000, 8414.000]],
[[2995.000, 8325.000],[2875.000, 8302.000],[3018.000, 8301.000],[3160.000, 8300.000],[3160.000, 8325.000],[2995.000, 8325.000]],
[[2456.000, 8230.000],[2244.000, 8188.000],[2240.000, 8005.000],[2238.000, 7825.000],[2462.000, 7825.000],[2685.000, 7825.000],[2688.000, 8048.000],[2678.000, 8269.000],[2456.000, 8230.000]],
[[2710.000, 8045.000],[2710.000, 7820.000],[2935.000, 7820.000],[3160.000, 7820.000],[3160.000, 8045.000],[3160.000, 8270.000],[2935.000, 8270.000],[2710.000, 8270.000],[2710.000, 8045.000]],
[[3182.000, 8048.000],[3185.000, 7825.000],[3408.000, 7822.000],[3630.000, 7820.000],[3630.000, 8045.000],[3630.000, 8270.000],[3405.000, 8270.000],[3180.000, 8270.000],[3182.000, 8048.000]],
[[3660.000, 8043.000],[3660.000, 7817.000],[3767.000, 7823.000],[3992.000, 7830.000],[4110.000, 7830.000],[4110.000, 8050.000],[4110.000, 8270.000],[3885.000, 8270.000],[3660.000, 8270.000],[3660.000, 8043.000]],
[[4140.000, 8050.000],[4140.000, 7830.000],[4360.000, 7830.000],[4580.000, 7830.000],[4580.000, 8050.000],[4580.000, 8270.000],[4360.000, 8270.000],[4140.000, 8270.000],[4140.000, 8050.000]],
[[4610.000, 8050.000],[4610.000, 7830.000],[4713.000, 7830.000],[4938.000, 7823.000],[5060.000, 7817.000],[5060.000, 8043.000],[5060.000, 8270.000],[4835.000, 8270.000],[4610.000, 8270.000],[4610.000, 8050.000]],
[[5087.000, 8048.000],[5089.000, 7825.000],[5312.000, 7825.000],[5535.000, 7825.000],[5538.000, 8048.000],[5540.000, 8270.000],[5313.000, 8270.000],[5085.000, 8270.000],[5087.000, 8048.000]],
[[5560.000, 8045.000],[5560.000, 7820.000],[5695.000, 7820.000],[5830.000, 7828.000],[5751.000, 8051.000],[5673.000, 8265.000],[5616.000, 8268.000],[5560.000, 8271.000],[5560.000, 8045.000]],
[[1958.000, 8141.000],[1760.000, 8105.000],[1760.000, 7963.000],[1760.000, 7820.000],[1985.000, 7820.000],[2210.000, 7820.000],[2210.000, 8000.000],[2210.000, 8180.000],[2183.000, 8179.000],[1958.000, 8141.000]],
[[1500.000, 8059.000],[1293.000, 8021.000],[1290.000, 7920.000],[1290.000, 7820.000],[1515.000, 7820.000],[1740.000, 7820.000],[1740.000, 7960.000],[1723.000, 8099.000],[1500.000, 8059.000]],
[[1155.000, 7998.000],[1054.000, 7977.000],[1064.000, 7900.000],[1076.000, 7825.000],[1168.000, 7822.000],[1260.000, 7819.000],[1260.000, 7920.000],[1258.000, 8019.000],[1155.000, 7998.000]],
[[1083.000, 7778.000],[1120.000, 7553.000],[1153.000, 7350.000],[1206.000, 7350.000],[1260.000, 7350.000],[1260.000, 7575.000],[1260.000, 7800.000],[1169.000, 7800.000],[1083.000, 7778.000]],
[[1290.000, 7575.000],[1290.000, 7350.000],[1515.000, 7350.000],[1740.000, 7350.000],[1740.000, 7575.000],[1740.000, 7800.000],[1515.000, 7800.000],[1290.000, 7800.000],[1290.000, 7575.000]],
[[1760.000, 7575.000],[1760.000, 7350.000],[1985.000, 7350.000],[2210.000, 7350.000],[2210.000, 7575.000],[2210.000, 7800.000],[1985.000, 7800.000],[1760.000, 7800.000],[1760.000, 7575.000]],
[[2238.000, 7575.000],[2241.000, 7350.000],[2465.000, 7350.000],[2690.000, 7350.000],[2690.000, 7575.000],[2690.000, 7800.000],[2463.000, 7800.000],[2235.000, 7800.000],[2238.000, 7575.000]],
[[2710.000, 7575.000],[2710.000, 7350.000],[2935.000, 7350.000],[3160.000, 7350.000],[3160.000, 7575.000],[3160.000, 7800.000],[2935.000, 7800.000],[2710.000, 7800.000],[2710.000, 7575.000]],
[[3180.000, 7575.000],[3180.000, 7350.000],[3405.000, 7350.000],[3630.000, 7350.000],[3630.000, 7575.000],[3630.000, 7800.000],[3405.000, 7800.000],[3180.000, 7800.000],[3180.000, 7575.000]],
[[3660.000, 7575.000],[3660.000, 7350.000],[3885.000, 7350.000],[4110.000, 7350.000],[4110.000, 7575.000],[4110.000, 7800.000],[3885.000, 7800.000],[3660.000, 7800.000],[3660.000, 7575.000]],
[[4140.000, 7575.000],[4140.000, 7350.000],[4360.000, 7350.000],[4580.000, 7350.000],[4580.000, 7575.000],[4580.000, 7800.000],[4360.000, 7800.000],[4140.000, 7800.000],[4140.000, 7575.000]],
[[4610.000, 7575.000],[4610.000, 7350.000],[4835.000, 7350.000],[5060.000, 7350.000],[5060.000, 7575.000],[5060.000, 7800.000],[4835.000, 7800.000],[4610.000, 7800.000],[4610.000, 7575.000]],
[[5088.000, 7575.000],[5091.000, 7350.000],[5315.000, 7350.000],[5540.000, 7350.000],[5540.000, 7575.000],[5540.000, 7800.000],[5313.000, 7800.000],[5085.000, 7800.000],[5088.000, 7575.000]],
[[5560.000, 7575.000],[5560.000, 7350.000],[5784.000, 7350.000],[6008.000, 7350.000],[5926.000, 7573.000],[5844.000, 7795.000],[5702.000, 7798.000],[5560.000, 7801.000],[5560.000, 7575.000]],
[[1161.000, 7308.000],[1194.000, 7085.000],[1243.000, 6882.000],[1260.000, 7104.000],[1260.000, 7330.000],[1210.000, 7330.000],[1161.000, 7308.000]],
[[1290.000, 7105.000],[1290.000, 6880.000],[1515.000, 6880.000],[1740.000, 6880.000],[1740.000, 7105.000],[1740.000, 7330.000],[1515.000, 7330.000],[1290.000, 7330.000],[1290.000, 7105.000]],
[[1760.000, 7105.000],[1760.000, 6880.000],[1985.000, 6880.000],[2210.000, 6880.000],[2210.000, 7105.000],[2210.000, 7330.000],[1985.000, 7330.000],[1760.000, 7330.000],[1760.000, 7105.000]],
[[2240.000, 7328.000],[2237.000, 7102.000],[2235.000, 6880.000],[2463.000, 6880.000],[2690.000, 6880.000],[2690.000, 7105.000],[2690.000, 7330.000],[2465.000, 7330.000],[2240.000, 7328.000]],
[[2710.000, 7105.000],[2710.000, 6880.000],[2935.000, 6880.000],[3160.000, 6880.000],[3160.000, 7105.000],[3160.000, 7330.000],[2935.000, 7330.000],[2710.000, 7330.000],[2710.000, 7105.000]],
[[3180.000, 7105.000],[3180.000, 6880.000],[3405.000, 6880.000],[3630.000, 6880.000],[3630.000, 7105.000],[3630.000, 7330.000],[3405.000, 7330.000],[3180.000, 7330.000],[3180.000, 7105.000]],
[[3660.000, 7105.000],[3660.000, 6880.000],[3885.000, 6880.000],[4110.000, 6880.000],[4110.000, 7105.000],[4110.000, 7330.000],[3885.000, 7330.000],[3660.000, 7330.000],[3660.000, 7105.000]],
[[4140.000, 7105.000],[4140.000, 6880.000],[4360.000, 6880.000],[4580.000, 6880.000],[4580.000, 7105.000],[4580.000, 7330.000],[4360.000, 7330.000],[4140.000, 7330.000],[4140.000, 7105.000]],
[[4610.000, 7105.000],[4610.000, 6880.000],[4835.000, 6880.000],[5060.000, 6880.000],[5060.000, 7105.000],[5060.000, 7330.000],[4835.000, 7330.000],[4610.000, 7330.000],[4610.000, 7105.000]],
[[5090.000, 7328.000],[5087.000, 7102.000],[5085.000, 6880.000],[5313.000, 6880.000],[5540.000, 6880.000],[5540.000, 7105.000],[5540.000, 7330.000],[5315.000, 7330.000],[5090.000, 7328.000]],
[[5560.000, 7105.000],[5560.000, 6880.000],[5785.000, 6880.000],[6010.000, 6880.000],[6010.000, 7105.000],[6010.000, 7330.000],[5785.000, 7330.000],[5560.000, 7330.000],[5560.000, 7105.000]],
[[6030.000, 7077.000],[6030.000, 6880.000],[6105.000, 6880.000],[6179.000, 6880.000],[6149.000, 6963.000],[6079.000, 7155.000],[6035.000, 7269.000],[6030.000, 7077.000]],
[[1236.000, 6823.000],[1259.000, 6778.000],[1245.000, 6850.000],[1236.000, 6823.000]],
[[1290.000, 6671.000],[1296.000, 6446.000],[1303.000, 6400.000],[1521.000, 6400.000],[1740.000, 6400.000],[1740.000, 6625.000],[1740.000, 6850.000],[1515.000, 6850.000],[1290.000, 6850.000],[1290.000, 6671.000]],
[[1760.000, 6625.000],[1760.000, 6400.000],[1985.000, 6400.000],[2210.000, 6400.000],[2210.000, 6625.000],[2210.000, 6850.000],[1985.000, 6850.000],[1760.000, 6850.000],[1760.000, 6625.000]],
[[2237.000, 6628.000],[2239.000, 6405.000],[2462.000, 6405.000],[2685.000, 6405.000],[2688.000, 6628.000],[2690.000, 6850.000],[2463.000, 6850.000],[2235.000, 6850.000],[2237.000, 6628.000]],
[[2710.000, 6625.000],[2710.000, 6400.000],[2935.000, 6400.000],[3160.000, 6400.000],[3160.000, 6625.000],[3160.000, 6850.000],[2935.000, 6850.000],[2710.000, 6850.000],[2710.000, 6625.000]],
[[3180.000, 6625.000],[3180.000, 6400.000],[3405.000, 6400.000],[3630.000, 6400.000],[3630.000, 6625.000],[3630.000, 6850.000],[3405.000, 6850.000],[3180.000, 6850.000],[3180.000, 6625.000]],
[[3660.000, 6625.000],[3660.000, 6400.000],[3883.000, 6402.000],[4105.000, 6405.000],[4108.000, 6628.000],[4110.000, 6850.000],[3885.000, 6850.000],[3660.000, 6850.000],[3660.000, 6625.000]],
[[4140.000, 6625.000],[4140.000, 6400.000],[4360.000, 6400.000],[4580.000, 6400.000],[4580.000, 6625.000],[4580.000, 6850.000],[4360.000, 6850.000],[4140.000, 6850.000],[4140.000, 6625.000]],
[[4612.000, 6628.000],[4615.000, 6405.000],[4838.000, 6402.000],[5060.000, 6400.000],[5060.000, 6625.000],[5060.000, 6850.000],[4835.000, 6850.000],[4610.000, 6850.000],[4612.000, 6628.000]],
[[5087.000, 6628.000],[5089.000, 6405.000],[5312.000, 6405.000],[5535.000, 6405.000],[5538.000, 6628.000],[5540.000, 6850.000],[5313.000, 6850.000],[5085.000, 6850.000],[5087.000, 6628.000]],
[[5560.000, 6625.000],[5560.000, 6400.000],[5785.000, 6400.000],[6010.000, 6400.000],[6010.000, 6625.000],[6010.000, 6850.000],[5785.000, 6850.000],[5560.000, 6850.000],[5560.000, 6625.000]],
[[6030.000, 6625.000],[6030.000, 6400.000],[6191.000, 6400.000],[6351.000, 6400.000],[6344.000, 6423.000],[6265.000, 6645.000],[6192.000, 6845.000],[6111.000, 6848.000],[6030.000, 6851.000],[6030.000, 6625.000]],
[[1310.000, 6370.000],[1376.000, 5958.000],[1382.000, 5930.000],[1561.000, 5930.000],[1740.000, 5930.000],[1740.000, 6155.000],[1740.000, 6380.000],[1525.000, 6380.000],[1310.000, 6370.000]],
[[1760.000, 6155.000],[1760.000, 5930.000],[1985.000, 5930.000],[2210.000, 5930.000],[2210.000, 6155.000],[2210.000, 6380.000],[1985.000, 6380.000],[1760.000, 6380.000],[1760.000, 6155.000]],
[[2235.000, 6155.000],[2235.000, 5930.000],[2463.000, 5930.000],[2690.000, 5930.000],[2690.000, 6155.000],[2690.000, 6380.000],[2463.000, 6380.000],[2235.000, 6380.000],[2235.000, 6155.000]],
[[2710.000, 6155.000],[2710.000, 5930.000],[2935.000, 5930.000],[3160.000, 5930.000],[3160.000, 6155.000],[3160.000, 6380.000],[2935.000, 6380.000],[2710.000, 6380.000],[2710.000, 6155.000]],
[[3180.000, 6155.000],[3180.000, 5930.000],[3405.000, 5930.000],[3630.000, 5930.000],[3630.000, 6155.000],[3630.000, 6380.000],[3405.000, 6380.000],[3180.000, 6380.000],[3180.000, 6155.000]],
[[3660.000, 6155.000],[3660.000, 5930.000],[3885.000, 5930.000],[4110.000, 5930.000],[4110.000, 6155.000],[4110.000, 6380.000],[3885.000, 6380.000],[3660.000, 6380.000],[3660.000, 6155.000]],
[[4140.000, 6155.000],[4140.000, 5930.000],[4360.000, 5930.000],[4580.000, 5930.000],[4580.000, 6155.000],[4580.000, 6380.000],[4360.000, 6380.000],[4140.000, 6380.000],[4140.000, 6155.000]],
[[4610.000, 6155.000],[4610.000, 5930.000],[4835.000, 5930.000],[5060.000, 5930.000],[5060.000, 6155.000],[5060.000, 6380.000],[4835.000, 6380.000],[4610.000, 6380.000],[4610.000, 6155.000]],
[[5085.000, 6155.000],[5085.000, 5930.000],[5313.000, 5930.000],[5540.000, 5930.000],[5540.000, 6155.000],[5540.000, 6380.000],[5313.000, 6380.000],[5085.000, 6380.000],[5085.000, 6155.000]],
[[5560.000, 6155.000],[5560.000, 5930.000],[5785.000, 5930.000],[6010.000, 5930.000],[6010.000, 6155.000],[6010.000, 6380.000],[5785.000, 6380.000],[5560.000, 6380.000],[5560.000, 6155.000]],
[[6030.000, 6155.000],[6030.000, 5930.000],[6255.000, 5930.000],[6480.000, 5930.000],[6480.000, 5993.000],[6422.000, 6216.000],[6363.000, 6375.000],[6197.000, 6378.000],[6030.000, 6380.000],[6030.000, 6155.000]],
[[6511.000, 5944.000],[6517.000, 5938.000],[6516.000, 5957.000],[6511.000, 5944.000]],
[[1382.000, 5898.000],[1420.000, 5673.000],[1454.000, 5460.000],[1592.000, 5460.000],[1730.000, 5460.000],[1730.000, 5685.000],[1730.000, 5910.000],[1554.000, 5910.000],[1382.000, 5898.000]],
[[1760.000, 5685.000],[1760.000, 5460.000],[1985.000, 5460.000],[2210.000, 5460.000],[2210.000, 5685.000],[2210.000, 5910.000],[1985.000, 5910.000],[1760.000, 5910.000],[1760.000, 5685.000]],
[[2240.000, 5908.000],[2237.000, 5682.000],[2235.000, 5460.000],[2458.000, 5460.000],[2680.000, 5460.000],[2680.000, 5685.000],[2680.000, 5910.000],[2460.000, 5910.000],[2240.000, 5908.000]],
[[2710.000, 5685.000],[2710.000, 5460.000],[2930.000, 5460.000],[3149.000, 5460.000],[3152.000, 5685.000],[3155.000, 5910.000],[2933.000, 5910.000],[2710.000, 5910.000],[2710.000, 5685.000]],
[[3180.000, 5685.000],[3180.000, 5460.000],[3405.000, 5460.000],[3630.000, 5460.000],[3630.000, 5685.000],[3630.000, 5910.000],[3405.000, 5910.000],[3180.000, 5910.000],[3180.000, 5685.000]],
[[3660.000, 5685.000],[3660.000, 5460.000],[3880.000, 5460.000],[4100.000, 5460.000],[4100.000, 5685.000],[4100.000, 5910.000],[3880.000, 5910.000],[3660.000, 5910.000],[3660.000, 5685.000]],
[[4140.000, 5685.000],[4140.000, 5460.000],[4360.000, 5460.000],[4580.000, 5460.000],[4580.000, 5685.000],[4580.000, 5910.000],[4360.000, 5910.000],[4140.000, 5910.000],[4140.000, 5685.000]],
[[4617.000, 5903.000],[4610.000, 5678.000],[4610.000, 5460.000],[4835.000, 5460.000],[5060.000, 5460.000],[5060.000, 5685.000],[5060.000, 5910.000],[4842.000, 5910.000],[4617.000, 5903.000]],
[[5090.000, 5908.000],[5087.000, 5682.000],[5085.000, 5460.000],[5308.000, 5460.000],[5530.000, 5460.000],[5530.000, 5685.000],[5530.000, 5910.000],[5310.000, 5910.000],[5090.000, 5908.000]],
[[5560.000, 5685.000],[5560.000, 5460.000],[5780.000, 5460.000],[5999.000, 5460.000],[6002.000, 5685.000],[6005.000, 5910.000],[5783.000, 5910.000],[5560.000, 5910.000],[5560.000, 5685.000]],
[[6030.000, 5685.000],[6030.000, 5460.000],[6255.000, 5460.000],[6480.000, 5460.000],[6480.000, 5685.000],[6480.000, 5910.000],[6255.000, 5910.000],[6030.000, 5910.000],[6030.000, 5685.000]],
[[6510.000, 5686.000],[6510.000, 5460.000],[6604.000, 5460.000],[6698.000, 5460.000],[6616.000, 5682.000],[6523.000, 5908.000],[6510.000, 5686.000]],
[[1460.000, 5426.000],[1495.000, 5206.000],[1530.000, 4985.000],[1630.000, 4980.000],[1730.000, 4980.000],[1730.000, 5205.000],[1730.000, 5430.000],[1595.000, 5430.000],[1460.000, 5426.000]],
[[1760.000, 5205.000],[1760.000, 4980.000],[1985.000, 4980.000],[2210.000, 4980.000],[2210.000, 5205.000],[2210.000, 5430.000],[1985.000, 5430.000],[1760.000, 5430.000],[1760.000, 5205.000]],
[[2238.000, 5209.000],[2239.000, 4984.000],[2462.000, 4980.000],[2680.000, 4980.000],[2680.000, 5205.000],[2680.000, 5430.000],[2460.000, 5430.000],[2241.000, 5430.000],[2238.000, 5209.000]],
[[2710.000, 5205.000],[2710.000, 4980.000],[2930.000, 4980.000],[3150.000, 4980.000],[3150.000, 5205.000],[3150.000, 5430.000],[2930.000, 5430.000],[2710.000, 5430.000],[2710.000, 5205.000]],
[[3180.000, 5205.000],[3180.000, 4980.000],[3405.000, 4980.000],[3630.000, 4980.000],[3630.000, 5205.000],[3630.000, 5430.000],[3405.000, 5430.000],[3180.000, 5430.000],[3180.000, 5205.000]],
[[3660.000, 5205.000],[3660.000, 4980.000],[3880.000, 4980.000],[4100.000, 4980.000],[4100.000, 5205.000],[4100.000, 5430.000],[3880.000, 5430.000],[3660.000, 5430.000],[3660.000, 5205.000]],
[[4140.000, 5205.000],[4140.000, 4980.000],[4360.000, 4980.000],[4580.000, 4980.000],[4580.000, 5205.000],[4580.000, 5430.000],[4360.000, 5430.000],[4140.000, 5430.000],[4140.000, 5205.000]],
[[4610.000, 5205.000],[4610.000, 4980.000],[4835.000, 4980.000],[5060.000, 4980.000],[5060.000, 5205.000],[5060.000, 5430.000],[4835.000, 5430.000],[4610.000, 5430.000],[4610.000, 5205.000]],
[[5088.000, 5209.000],[5089.000, 4984.000],[5312.000, 4980.000],[5530.000, 4980.000],[5530.000, 5205.000],[5530.000, 5430.000],[5310.000, 5430.000],[5091.000, 5430.000],[5088.000, 5209.000]],
[[5560.000, 5205.000],[5560.000, 4980.000],[5780.000, 4980.000],[6000.000, 4980.000],[6000.000, 5205.000],[6000.000, 5430.000],[5780.000, 5430.000],[5560.000, 5430.000],[5560.000, 5205.000]],
[[6030.000, 5205.000],[6030.000, 4980.000],[6255.000, 4980.000],[6480.000, 4980.000],[6480.000, 5205.000],[6480.000, 5430.000],[6255.000, 5430.000],[6030.000, 5430.000],[6030.000, 5205.000]],
[[6510.000, 5205.000],[6510.000, 4980.000],[6636.000, 4980.000],[6762.000, 4980.000],[6755.000, 5148.000],[6728.000, 5373.000],[6708.000, 5430.000],[6609.000, 5430.000],[6510.000, 5430.000],[6510.000, 5205.000]],
[[1541.000, 4928.000],[1573.000, 4710.000],[1605.000, 4515.000],[1668.000, 4512.000],[1730.000, 4509.000],[1730.000, 4730.000],[1730.000, 4950.000],[1635.000, 4950.000],[1541.000, 4928.000]],
[[1760.000, 4730.000],[1760.000, 4510.000],[1985.000, 4510.000],[2210.000, 4510.000],[2210.000, 4730.000],[2210.000, 4950.000],[1985.000, 4950.000],[1760.000, 4950.000],[1760.000, 4730.000]],
[[2238.000, 4730.000],[2235.000, 4510.000],[2458.000, 4510.000],[2680.000, 4510.000],[2680.000, 4730.000],[2680.000, 4950.000],[2460.000, 4950.000],[2241.000, 4950.000],[2238.000, 4730.000]],
[[2710.000, 4730.000],[2710.000, 4510.000],[2930.000, 4510.000],[3150.000, 4510.000],[3150.000, 4730.000],[3150.000, 4950.000],[2930.000, 4950.000],[2710.000, 4950.000],[2710.000, 4730.000]],
[[3180.000, 4730.000],[3180.000, 4510.000],[3405.000, 4510.000],[3630.000, 4510.000],[3630.000, 4730.000],[3630.000, 4950.000],[3405.000, 4950.000],[3180.000, 4950.000],[3180.000, 4730.000]],
[[3660.000, 4730.000],[3660.000, 4510.000],[3880.000, 4510.000],[4100.000, 4510.000],[4100.000, 4730.000],[4100.000, 4950.000],[3880.000, 4950.000],[3660.000, 4950.000],[3660.000, 4730.000]],
[[4140.000, 4730.000],[4140.000, 4510.000],[4360.000, 4510.000],[4580.000, 4510.000],[4580.000, 4730.000],[4580.000, 4950.000],[4360.000, 4950.000],[4140.000, 4950.000],[4140.000, 4730.000]],
[[4610.000, 4730.000],[4610.000, 4510.000],[4835.000, 4510.000],[5060.000, 4510.000],[5060.000, 4730.000],[5060.000, 4950.000],[4835.000, 4950.000],[4610.000, 4950.000],[4610.000, 4730.000]],
[[5088.000, 4730.000],[5085.000, 4510.000],[5308.000, 4510.000],[5530.000, 4510.000],[5530.000, 4730.000],[5530.000, 4950.000],[5310.000, 4950.000],[5091.000, 4950.000],[5088.000, 4730.000]],
[[5560.000, 4730.000],[5560.000, 4510.000],[5780.000, 4510.000],[6000.000, 4510.000],[6000.000, 4730.000],[6000.000, 4950.000],[5780.000, 4950.000],[5560.000, 4950.000],[5560.000, 4730.000]],
[[6030.000, 4730.000],[6030.000, 4510.000],[6255.000, 4510.000],[6480.000, 4510.000],[6480.000, 4730.000],[6480.000, 4950.000],[6255.000, 4950.000],[6030.000, 4950.000],[6030.000, 4730.000]],
[[6510.000, 4730.000],[6510.000, 4510.000],[6643.000, 4510.000],[6775.000, 4510.000],[6769.000, 4692.000],[6761.000, 4913.000],[6760.000, 4950.000],[6635.000, 4950.000],[6510.000, 4950.000],[6510.000, 4730.000]],
[[1615.000, 4458.000],[1680.000, 4046.000],[1705.000, 4040.000],[1730.000, 4040.000],[1730.000, 4260.000],[1730.000, 4480.000],[1670.000, 4480.000],[1615.000, 4458.000]],
[[1760.000, 4260.000],[1760.000, 4040.000],[1985.000, 4040.000],[2210.000, 4040.000],[2210.000, 4260.000],[2210.000, 4480.000],[1985.000, 4480.000],[1760.000, 4480.000],[1760.000, 4260.000]],
[[2235.000, 4260.000],[2235.000, 4040.000],[2458.000, 4040.000],[2680.000, 4040.000],[2680.000, 4260.000],[2680.000, 4480.000],[2458.000, 4480.000],[2235.000, 4480.000],[2235.000, 4260.000]],
[[2710.000, 4260.000],[2710.000, 4040.000],[2930.000, 4040.000],[3150.000, 4040.000],[3150.000, 4260.000],[3150.000, 4480.000],[2930.000, 4480.000],[2710.000, 4480.000],[2710.000, 4260.000]],
[[3180.000, 4260.000],[3180.000, 4040.000],[3405.000, 4040.000],[3630.000, 4040.000],[3630.000, 4260.000],[3630.000, 4480.000],[3405.000, 4480.000],[3180.000, 4480.000],[3180.000, 4260.000]],
[[3660.000, 4260.000],[3660.000, 4040.000],[3880.000, 4040.000],[4100.000, 4040.000],[4100.000, 4260.000],[4100.000, 4480.000],[3880.000, 4480.000],[3660.000, 4480.000],[3660.000, 4260.000]],
[[4140.000, 4260.000],[4140.000, 4040.000],[4360.000, 4040.000],[4580.000, 4040.000],[4580.000, 4260.000],[4580.000, 4480.000],[4360.000, 4480.000],[4140.000, 4480.000],[4140.000, 4260.000]],
[[4610.000, 4260.000],[4610.000, 4040.000],[4835.000, 4040.000],[5060.000, 4040.000],[5060.000, 4260.000],[5060.000, 4480.000],[4835.000, 4480.000],[4610.000, 4480.000],[4610.000, 4260.000]],
[[5085.000, 4260.000],[5085.000, 4040.000],[5308.000, 4040.000],[5530.000, 4040.000],[5530.000, 4260.000],[5530.000, 4480.000],[5308.000, 4480.000],[5085.000, 4480.000],[5085.000, 4260.000]],
[[5560.000, 4260.000],[5560.000, 4040.000],[5780.000, 4040.000],[6000.000, 4040.000],[6000.000, 4260.000],[6000.000, 4480.000],[5780.000, 4480.000],[5560.000, 4480.000],[5560.000, 4260.000]],
[[6030.000, 4260.000],[6030.000, 4040.000],[6255.000, 4040.000],[6480.000, 4040.000],[6480.000, 4260.000],[6480.000, 4480.000],[6255.000, 4480.000],[6030.000, 4480.000],[6030.000, 4260.000]],
[[6510.000, 4260.000],[6510.000, 4040.000],[6652.000, 4040.000],[6793.000, 4040.000],[6787.000, 4177.000],[6780.000, 4397.000],[6780.000, 4480.000],[6645.000, 4480.000],[6510.000, 4480.000],[6510.000, 4260.000]],
[[1691.000, 3993.000],[1709.000, 3870.000],[1728.000, 3765.000],[1729.000, 3888.000],[1710.000, 4010.000],[1691.000, 3993.000]],
[[1760.000, 3785.000],[1760.000, 3560.000],[1985.000, 3560.000],[2210.000, 3560.000],[2210.000, 3785.000],[2210.000, 4010.000],[1985.000, 4010.000],[1760.000, 4010.000],[1760.000, 3785.000]],
[[2238.000, 3785.000],[2235.000, 3560.000],[2458.000, 3560.000],[2680.000, 3560.000],[2680.000, 3785.000],[2680.000, 4010.000],[2460.000, 4010.000],[2241.000, 4010.000],[2238.000, 3785.000]],
[[2710.000, 3785.000],[2710.000, 3560.000],[2930.000, 3560.000],[3150.000, 3560.000],[3150.000, 3785.000],[3150.000, 4010.000],[2930.000, 4010.000],[2710.000, 4010.000],[2710.000, 3785.000]],
[[3180.000, 3785.000],[3180.000, 3560.000],[3405.000, 3560.000],[3630.000, 3560.000],[3630.000, 3785.000],[3630.000, 4010.000],[3405.000, 4010.000],[3180.000, 4010.000],[3180.000, 3785.000]],
[[3660.000, 3785.000],[3660.000, 3560.000],[3880.000, 3560.000],[4100.000, 3560.000],[4100.000, 3785.000],[4100.000, 4010.000],[3880.000, 4010.000],[3660.000, 4010.000],[3660.000, 3785.000]],
[[4140.000, 3785.000],[4140.000, 3560.000],[4360.000, 3560.000],[4580.000, 3560.000],[4580.000, 3785.000],[4580.000, 4010.000],[4360.000, 4010.000],[4140.000, 4010.000],[4140.000, 3785.000]],
[[4610.000, 3785.000],[4610.000, 3560.000],[4835.000, 3560.000],[5060.000, 3560.000],[5060.000, 3785.000],[5060.000, 4010.000],[4835.000, 4010.000],[4610.000, 4010.000],[4610.000, 3785.000]],
[[5088.000, 3785.000],[5085.000, 3560.000],[5308.000, 3560.000],[5530.000, 3560.000],[5530.000, 3785.000],[5530.000, 4010.000],[5310.000, 4010.000],[5091.000, 4010.000],[5088.000, 3785.000]],
[[5560.000, 3785.000],[5560.000, 3560.000],[5780.000, 3560.000],[6000.000, 3560.000],[6000.000, 3785.000],[6000.000, 4010.000],[5780.000, 4010.000],[5560.000, 4010.000],[5560.000, 3785.000]],
[[6030.000, 3785.000],[6030.000, 3560.000],[6255.000, 3560.000],[6480.000, 3560.000],[6480.000, 3785.000],[6480.000, 4010.000],[6255.000, 4010.000],[6030.000, 4010.000],[6030.000, 3785.000]],
[[6510.000, 3785.000],[6510.000, 3560.000],[6659.000, 3560.000],[6808.000, 3560.000],[6804.000, 3693.000],[6794.000, 3918.000],[6788.000, 4010.000],[6649.000, 4010.000],[6510.000, 4010.000],[6510.000, 3785.000]],
[[1787.000, 3383.000],[1823.000, 3160.000],[1835.000, 3085.000],[2020.000, 3085.000],[2205.000, 3085.000],[2208.000, 3308.000],[2210.000, 3530.000],[1987.000, 3530.000],[1763.000, 3530.000],[1787.000, 3383.000]],
[[2230.000, 3305.000],[2230.000, 3080.000],[2455.000, 3080.000],[2680.000, 3080.000],[2680.000, 3305.000],[2680.000, 3530.000],[2455.000, 3530.000],[2230.000, 3530.000],[2230.000, 3305.000]],
[[2700.000, 3305.000],[2700.000, 3080.000],[2925.000, 3080.000],[3150.000, 3080.000],[3150.000, 3305.000],[3150.000, 3530.000],[2925.000, 3530.000],[2700.000, 3530.000],[2700.000, 3305.000]],
[[3180.000, 3305.000],[3180.000, 3080.000],[3403.000, 3082.000],[3625.000, 3085.000],[3628.000, 3308.000],[3630.000, 3530.000],[3405.000, 3530.000],[3180.000, 3530.000],[3180.000, 3305.000]],
[[3660.000, 3305.000],[3660.000, 3080.000],[3880.000, 3080.000],[4100.000, 3080.000],[4100.000, 3305.000],[4100.000, 3530.000],[3880.000, 3530.000],[3660.000, 3530.000],[3660.000, 3305.000]],
[[4132.000, 3308.000],[4135.000, 3085.000],[4358.000, 3082.000],[4580.000, 3080.000],[4580.000, 3305.000],[4580.000, 3530.000],[4355.000, 3530.000],[4130.000, 3530.000],[4132.000, 3308.000]],
[[4607.000, 3308.000],[4609.000, 3085.000],[4832.000, 3085.000],[5055.000, 3085.000],[5058.000, 3308.000],[5060.000, 3530.000],[4833.000, 3530.000],[4605.000, 3530.000],[4607.000, 3308.000]],
[[5080.000, 3305.000],[5080.000, 3080.000],[5305.000, 3080.000],[5530.000, 3080.000],[5530.000, 3305.000],[5530.000, 3530.000],[5305.000, 3530.000],[5080.000, 3530.000],[5080.000, 3305.000]],
[[5550.000, 3305.000],[5550.000, 3080.000],[5775.000, 3080.000],[6000.000, 3080.000],[6000.000, 3305.000],[6000.000, 3530.000],[5775.000, 3530.000],[5550.000, 3530.000],[5550.000, 3305.000]],
[[6030.000, 3305.000],[6030.000, 3080.000],[6255.000, 3080.000],[6480.000, 3080.000],[6480.000, 3305.000],[6480.000, 3530.000],[6255.000, 3530.000],[6030.000, 3530.000],[6030.000, 3305.000]],
[[6500.000, 3305.000],[6500.000, 3080.000],[6660.000, 3080.000],[6820.000, 3080.000],[6820.000, 3148.000],[6813.000, 3373.000],[6807.000, 3530.000],[6653.000, 3530.000],[6500.000, 3530.000],[6500.000, 3305.000]],
[[1840.000, 3054.000],[1905.000, 2643.000],[1911.000, 2610.000],[2060.000, 2610.000],[2210.000, 2610.000],[2210.000, 2835.000],[2210.000, 3060.000],[2025.000, 3060.000],[1840.000, 3054.000]],
[[2230.000, 2835.000],[2230.000, 2610.000],[2455.000, 2610.000],[2680.000, 2610.000],[2680.000, 2835.000],[2680.000, 3060.000],[2455.000, 3060.000],[2230.000, 3060.000],[2230.000, 2835.000]],
[[2700.000, 2835.000],[2700.000, 2610.000],[2925.000, 2610.000],[3150.000, 2610.000],[3150.000, 2835.000],[3150.000, 3060.000],[2925.000, 3060.000],[2700.000, 3060.000],[2700.000, 2835.000]],
[[3180.000, 2835.000],[3180.000, 2610.000],[3405.000, 2610.000],[3630.000, 2610.000],[3630.000, 2835.000],[3630.000, 3060.000],[3405.000, 3060.000],[3180.000, 3060.000],[3180.000, 2835.000]],
[[3660.000, 2835.000],[3660.000, 2610.000],[3880.000, 2610.000],[4100.000, 2610.000],[4100.000, 2835.000],[4100.000, 3060.000],[3880.000, 3060.000],[3660.000, 3060.000],[3660.000, 2835.000]],
[[4130.000, 2835.000],[4130.000, 2610.000],[4355.000, 2610.000],[4580.000, 2610.000],[4580.000, 2835.000],[4580.000, 3060.000],[4355.000, 3060.000],[4130.000, 3060.000],[4130.000, 2835.000]],
[[4605.000, 2835.000],[4605.000, 2610.000],[4833.000, 2610.000],[5060.000, 2610.000],[5060.000, 2835.000],[5060.000, 3060.000],[4833.000, 3060.000],[4605.000, 3060.000],[4605.000, 2835.000]],
[[5080.000, 2835.000],[5080.000, 2610.000],[5305.000, 2610.000],[5530.000, 2610.000],[5530.000, 2835.000],[5530.000, 3060.000],[5305.000, 3060.000],[5080.000, 3060.000],[5080.000, 2835.000]],
[[5550.000, 2835.000],[5550.000, 2610.000],[5775.000, 2610.000],[6000.000, 2610.000],[6000.000, 2835.000],[6000.000, 3060.000],[5775.000, 3060.000],[5550.000, 3060.000],[5550.000, 2835.000]],
[[6030.000, 2835.000],[6030.000, 2610.000],[6255.000, 2610.000],[6480.000, 2610.000],[6480.000, 2835.000],[6480.000, 3060.000],[6255.000, 3060.000],[6030.000, 3060.000],[6030.000, 2835.000]],
[[6500.000, 2835.000],[6500.000, 2610.000],[6670.000, 2610.000],[6839.000, 2610.000],[6834.000, 2783.000],[6824.000, 3008.000],[6819.000, 3060.000],[6659.000, 3060.000],[6500.000, 3060.000],[6500.000, 2835.000]],
[[1920.000, 2578.000],[1952.000, 2353.000],[1985.000, 2140.000],[2098.000, 2140.000],[2210.000, 2140.000],[2208.000, 2363.000],[2205.000, 2585.000],[2063.000, 2588.000],[1920.000, 2578.000]],
[[2230.000, 2365.000],[2230.000, 2140.000],[2455.000, 2140.000],[2680.000, 2140.000],[2680.000, 2365.000],[2680.000, 2590.000],[2455.000, 2590.000],[2230.000, 2590.000],[2230.000, 2365.000]],
[[2700.000, 2365.000],[2700.000, 2140.000],[2925.000, 2140.000],[3150.000, 2140.000],[3150.000, 2365.000],[3150.000, 2590.000],[2925.000, 2590.000],[2700.000, 2590.000],[2700.000, 2365.000]],
[[3180.000, 2365.000],[3180.000, 2140.000],[3405.000, 2140.000],[3630.000, 2140.000],[3628.000, 2363.000],[3625.000, 2585.000],[3403.000, 2588.000],[3180.000, 2590.000],[3180.000, 2365.000]],
[[3660.000, 2365.000],[3660.000, 2140.000],[3880.000, 2140.000],[4100.000, 2140.000],[4100.000, 2365.000],[4100.000, 2590.000],[3880.000, 2590.000],[3660.000, 2590.000],[3660.000, 2365.000]],
[[4137.000, 2583.000],[4130.000, 2358.000],[4130.000, 2140.000],[4355.000, 2140.000],[4580.000, 2140.000],[4580.000, 2365.000],[4580.000, 2590.000],[4362.000, 2590.000],[4137.000, 2583.000]],
[[4610.000, 2588.000],[4607.000, 2362.000],[4605.000, 2140.000],[4833.000, 2140.000],[5060.000, 2140.000],[5058.000, 2363.000],[5055.000, 2585.000],[4833.000, 2588.000],[4610.000, 2588.000]],
[[5080.000, 2365.000],[5080.000, 2140.000],[5133.000, 2140.000],[5355.000, 2189.000],[5525.000, 2237.000],[5528.000, 2413.000],[5530.000, 2590.000],[5305.000, 2590.000],[5080.000, 2590.000],[5080.000, 2365.000]],
[[5550.000, 2420.000],[5563.000, 2250.000],[5785.000, 2308.000],[5995.000, 2367.000],[5998.000, 2478.000],[6001.000, 2590.000],[5775.000, 2590.000],[5550.000, 2590.000],[5550.000, 2420.000]],
[[6030.000, 2485.000],[6037.000, 2380.000],[6463.000, 2496.000],[6480.000, 2546.000],[6480.000, 2590.000],[6255.000, 2590.000],[6030.000, 2590.000],[6030.000, 2485.000]],
[[6500.000, 2550.000],[6508.000, 2510.000],[6650.000, 2549.000],[6785.000, 2588.000],[6643.000, 2589.000],[6500.000, 2590.000],[6500.000, 2550.000]],
[[1993.000, 2088.000],[2030.000, 1863.000],[2063.000, 1660.000],[2136.000, 1660.000],[2210.000, 1660.000],[2210.000, 1885.000],[2210.000, 2110.000],[2099.000, 2110.000],[1993.000, 2088.000]],
[[2230.000, 1885.000],[2230.000, 1660.000],[2455.000, 1660.000],[2680.000, 1660.000],[2680.000, 1885.000],[2680.000, 2110.000],[2455.000, 2110.000],[2230.000, 2110.000],[2230.000, 1885.000]],
[[2700.000, 1885.000],[2700.000, 1660.000],[2925.000, 1660.000],[3150.000, 1660.000],[3150.000, 1885.000],[3150.000, 2110.000],[2925.000, 2110.000],[2700.000, 2110.000],[2700.000, 1885.000]],
[[3180.000, 1885.000],[3180.000, 1660.000],[3313.000, 1660.000],[3613.000, 1706.000],[3630.000, 1911.000],[3630.000, 2110.000],[3405.000, 2110.000],[3180.000, 2110.000],[3180.000, 1885.000]],
[[3660.000, 1914.000],[3678.000, 1724.000],[3880.000, 1780.000],[4083.000, 1836.000],[4100.000, 1976.000],[4100.000, 2110.000],[3880.000, 2110.000],[3660.000, 2110.000],[3660.000, 1914.000]],
[[4130.000, 1979.000],[4143.000, 1852.000],[4368.000, 1915.000],[4580.000, 1974.000],[4580.000, 2042.000],[4580.000, 2110.000],[4355.000, 2110.000],[4130.000, 2110.000],[4130.000, 1979.000]],
[[4608.000, 2047.000],[4612.000, 1983.000],[4823.000, 2042.000],[5045.000, 2104.000],[4830.000, 2109.000],[4605.000, 2110.000],[4608.000, 2047.000]],
[[2070.000, 1625.000],[2095.000, 1456.000],[2120.000, 1296.000],[2163.000, 1304.000],[2205.000, 1316.000],[2208.000, 1478.000],[2210.000, 1640.000],[2140.000, 1640.000],[2070.000, 1625.000]],
[[2230.000, 1481.000],[2230.000, 1322.000],[2303.000, 1342.000],[2525.000, 1404.000],[2675.000, 1445.000],[2678.000, 1543.000],[2681.000, 1640.000],[2455.000, 1640.000],[2230.000, 1640.000],[2230.000, 1481.000]],
[[2700.000, 1550.000],[2718.000, 1460.000],[2940.000, 1518.000],[3145.000, 1576.000],[3148.000, 1608.000],[3151.000, 1640.000],[2926.000, 1640.000],[2700.000, 1640.000],[2700.000, 1550.000]],
[[3180.000, 1614.000],[3303.000, 1620.000],[3365.000, 1638.000],[3273.000, 1639.000],[3180.000, 1640.000],[3180.000, 1614.000]],


